1  //白名单个数
-40000.0	-12000.0	10000	// 白名单
=================================================================//分隔符
4  //黑名单个数
-80000 -5000 10000
-80000 -35000 10000
-50000 -35000 10000
-50000 -5000  10000
=================================================================
2  飞机个数
-150000 -50000 10000 2013 6 1 22 0 0	//起点
0       -10000 10000 2013 6 1 22 50 0 //终点
-40000  50000  10000 2013 6 1 22 0 0	//起点
-40000  -50000  10000 2013 6 1 22 50 0 //终点
=================================================================